-1.0645878689618344 -17.90445387395489 ; -1.0824923228357892 -17.90338928608593 
9.355771283723222 14.090673844878044 ; 9.3698619575681 14.081318073594321 
14.472865021968103 9.198914411031499 ; 14.482063936379134 9.18444154600953 
16.817628376835664 -3.940587770174516 ; 16.81368778906549 -3.9574053985513515 
-17.292265387375807 -6.507420780169671 ; -17.298772808155977 -6.490128514782295 
-19.246528598897907 17.383735702868897 ; -19.22914486319504 17.402982231467796 
-19.801987446599743 0.8605548878389858 ; -19.801126891711903 0.8803568752855856 
-19.490584319003105 -3.7841765202438435 ; -19.49436849552335 -3.7646859359248404 
-9.845477870291075 7.107555233144796 ; -9.838370315057931 7.117400711015088 
14.287360226646003 -17.921256943288395 ; 14.269438969702714 -17.93554430351504 
4.140484057128502 5.118730869351713 ; 4.145602787997854 5.114590385294584 
-17.920028545042335 -2.1241247003869077 ; -17.922152669742722 -2.106204671841865 
11.353614016170749 -3.0860162847815387 ; 11.350527999885967 -3.0973698987977096 
-13.22166535858035 -17.229077285953696 ; -13.238894435866303 -17.215855620595118 
10.239714094779332 14.353957776579875 ; 10.254068052555912 14.343718062485095 
-5.521162363249991 -13.773276077350223 ; -5.534935639327341 -13.767754914986973 
-7.214791550827913 9.28153989413921 ; -7.205510010933774 9.288754685690037 
16.914440808351035 18.242224163965798 ; 16.932683032515 18.225309723157448 
0.4691656535765516 6.646664687097134 ; 0.4758123182636487 6.646195521443557 
15.941064010022474 -3.6120636839258315 ; 15.937451946338548 -3.628004747935854 
-11.68099212888224 -10.611264037137422 ; -11.691603392919378 -10.59958304500854 
3.0910304379534517 -13.294300043513127 ; 3.0777361379099384 -13.297391073951081 
-12.10296532726369 -3.7749134546054637 ; -12.106740240718295 -3.7628104892782 
-2.6940051580256528 0.9033756932765373 ; -2.693101782332376 0.906069698434563 
12.628988765759784 11.744250676712882 ; 12.640733016436497 11.731621687947122 
-12.067720222061412 -6.635545940028478 ; -12.07435576800144 -6.623478219806416 
13.453994777199625 -0.04474778898139686 ; 13.453950029410644 -0.05820178375859649 
15.897496483026293 -10.666034094857427 ; 15.886830448931436 -10.681931591340453 
-7.661276933640856 7.51840066426649 ; -7.65375853297659 7.526061941200131 
-10.400693476696334 6.391864708674292 ; -10.39430161198766 6.402265402150988 
4.236954259955673 -15.070216991279949 ; 4.221884042964393 -15.074453945539904 
-3.0430291982691027 -3.1439199104404922 ; -3.046173118179543 -3.140876881242223 
7.335771313542695 -17.95944773984123 ; 7.317811865802854 -17.966783511154773 
13.563978907341257 -18.99502379962517 ; 13.544983883541631 -19.00858777853251 
13.281576523758055 -17.757160101905423 ; 13.26381936365615 -17.770441678429183 
-9.692539810658511 16.294042287720664 ; -9.67624576837079 16.303734827531322 
11.769871258532698 -2.4575972259273557 ; 11.76741366130677 -2.4693670971858883 
-8.51487902639878 15.914016809553138 ; -8.498965009589227 15.922531688579536 
-5.635715171047848 -17.787969766505043 ; -5.653503140814353 -17.782334051333994 
8.293555521236456 -16.825950033749773 ; 8.276729571202706 -16.83424358927101 
-17.34802520741273 -18.850574250413178 ; -17.366875781663143 -18.833226225205767 
-3.768991830194911 17.161717341627842 ; -3.751830112853283 17.165486333458038 
-4.98590133689112 -17.574931435684285 ; -5.0034762683268035 -17.569945534347394 
15.996761075278982 11.674554862036176 ; 16.00843563014102 11.658558100960898 
-9.049077135025124 -4.0442624988682025 ; -9.053121397523991 -4.035213421733177 
-9.850483824886863 -15.251929239217427 ; -9.865735754126082 -15.24207875539254 
-0.4279924541379798 3.681634074974931 ; -0.4243108200630049 3.682062067429069 
-18.029962602599475 -15.262311062571126 ; -18.045224913662047 -15.244281099968527 
-13.163320494634007 8.540510355692561 ; -13.154779984278315 8.553673676187195 
0.4449878890199124 15.27645588699641 ; 0.46026434490690876 15.27601089910739 
-17.2183123135044 16.560624973265146 ; -17.201751688531132 16.57784328557865 
-18.115662164625782 11.415511786070976 ; -18.10424665283971 11.433627448235601 
8.566992344201537 14.317824217874012 ; 8.581310168419412 14.30925722552981 
19.867426899603643 15.190745135898766 ; 19.882617644739543 15.170877708999162 
2.2985483856504705 -14.917707422164368 ; 2.283630678228306 -14.920005970550019 
2.877678395236134 14.407625883958117 ; 2.8920860211200923 14.40474820556288 
-8.759778155693164 1.850759959733511 ; -8.75792739573343 1.859519737889204 
-4.880974895296864 8.139918248105193 ; -4.872834977048759 8.14479922300049 
-10.134479798483625 -1.5978334423364513 ; -10.13607763192596 -1.5876989625379676 
3.990416440783197 -8.975995319209394 ; 3.9814404454639876 -8.979985735650178 
-7.966140635584624 0.7963750570656662 ; -7.965344260527559 0.8043411977012509 
-6.03451025504745 0.8170424182094445 ; -6.033693212629241 0.8230769284644919 
-18.958587850180194 12.776809573503527 ; -18.945811040606692 12.795768161353708 
-17.824207473658046 1.5999271543129148 ; -17.822607546503733 1.6177513617865729 
13.047392331126833 1.2778047521270053 ; 13.04867013587896 1.2647573597958786 
1.6270528774612996 -19.87838195548021 ; 1.6071744955058194 -19.88000900835767 
9.019151720212596 -11.921005978107997 ; 9.007230714234488 -11.93002512982821 
-14.797254867828675 -16.476578533830214 ; -14.813731446362505 -16.461781278962384 
16.236079194629312 -4.0342374301508634 ; 16.23204495719916 -4.050473509345493 
-7.550278837546445 -2.483146993690032 ; -7.552761984540135 -2.4755967148524856 
-11.417257564514486 9.158929560575936 ; -11.40809863495391 9.170346818140452 
-5.668632130985201 -12.383934622447633 ; -5.681016065607649 -12.378265990316647 
19.96501985701991 2.439258241517936 ; 19.96745911526143 2.419293221660916 
-9.72652265533993 -14.107195839850693 ; -9.740629851179781 -14.097469317195353 
-10.48714683342735 -0.43766153868819 ; -10.487584494966038 -0.4271743918547627 
-8.335946774193799 -11.626934895054276 ; -8.347573709088852 -11.618598948280082 
0.13309126715147968 -2.8245392046390077 ; 0.13026672794684066 -2.824672295906159 
-2.9872184424454202 18.984878425697243 ; -2.968233564019723 18.98786564413969 
8.358572014065874 17.768922390370072 ; 8.376340936456245 17.760563818356005 
-0.8246196647295014 -2.3441006266170867 ; -0.8269637653561185 -2.3432760069523573 
-6.300420146524441 18.33376696250564 ; -6.282086379561936 18.340067382652162 
-16.983716137775655 16.511094405053925 ; -16.9672050433706 16.5280781211917 
-15.228863672821445 17.404710612140597 ; -15.211458962209305 17.41993947581342 
1.4584476628098193 3.137789973826287 ; 1.4615854527836456 3.136331526163477 
-4.8546292563001625 5.81663104545972 ; -4.848812625254703 5.82148567471602 
19.213824050100342 -13.922715810985022 ; 19.199901334289358 -13.941929635035121 
-1.8212981787612212 0.03569685610256612 ; -1.8212624819051186 0.03751815428132734 
-18.994871436245653 -6.965207995595022 ; -19.001836644241248 -6.946213124158776 
4.579833026214273 -10.7425284926303 ; 4.569090497721643 -10.747108325656514 
-10.938615597224649 3.351877115747186 ; -10.935263720108901 3.3628157313444107 
18.83455838902848 -5.000578384990981 ; 18.82955781064349 -5.01941294338001 
-10.829156584124052 -11.580591558597916 ; -10.84073717568265 -11.569762402013792 
-4.707478275930104 -2.049916634846705 ; -4.70952819256495 -2.045209156570775 
8.90591678308381 0.3111823880248251 ; 8.906227965471835 0.3022764712417413 
0.4253504792753494 0.7018327885905749 ; 0.42605231206394 0.7014074381112995 
-9.389478942874641 19.36017383253993 ; -9.3701187690421 19.369563311482807 
-0.9470451385184556 -11.281967270658107 ; -0.9583271057891137 -11.281020225519589 
-5.5404454954175195 2.216897175171275 ; -5.538228598242348 2.2224376206666925 
-18.65662982685905 -9.909237250668898 ; -18.666539064109717 -9.890580620842039 
-7.69550662509641 11.261275110776067 ; -7.684245349985634 11.268970617401163 
-4.6444135320413755 -19.219827278880036 ; -4.663633359320255 -19.215182865347995 
-2.651876251880522 -17.81536120487792 ; -2.6696916130853996 -17.81270932862604 
18.81109458602526 2.3523943440085286 ; 18.813446980369267 2.3335832494225035 
10.328560068218366 1.1154732279287412 ; 10.329675541446294 1.1051446678605228 
-5.672670068027676 16.465050567131453 ; -5.656205017460545 16.47072323719948 
-12.151750683938019 7.206081713118202 ; -12.1445446022249 7.21823346380214 
3.5329972482126135 -11.395350621703594 ; 3.52160189759091 -11.398883618951807 
-6.2646192549750905 -17.25867409841755 ; -6.2818779290735085 -17.252409479162576 
4.5932783155738495 -1.206572472132666 ; 4.592071743101717 -1.2111657504482398 
18.08867940029666 5.272459397026199 ; 18.093951859693686 5.2543707176259025 
5.04272513414234 18.668979253683993 ; 5.061394113396024 18.66393652854985 
11.398696724348522 -1.2421229902814743 ; 11.397454601358241 -1.2535216870058228 
-16.765356328421213 -1.4670121857831564 ; -16.766823340606997 -1.4502468294547353 
-5.004949283663041 -7.202510676668149 ; -5.01215179433971 -7.1975057273844865 
-14.199586485398271 0.42495968197634737 ; -14.199161525716294 0.43915926846174563 
-8.625896184053516 -17.415528892605092 ; -8.643311712946122 -17.40690299642104 
-18.904905990032667 14.648701588958922 ; -18.890257288443706 14.667606494948954 
-5.891340538146529 -8.013700474073046 ; -5.899354238620602 -8.007809133534899 
7.797001257938913 -9.152437033430738 ; 7.787848820905482 -9.160234034688678 
16.14614922896041 -9.337433540996571 ; 16.136811795419415 -9.353579690225532 
0.9781424781721043 18.20825003590767 ; 0.996350728208012 18.2072718934295 
-18.517037879918327 19.97216392544441 ; -18.497065715992882 19.990680963324326 
-15.473159243070805 6.53430361522241 ; -15.466624939455583 6.549776774465482 
16.611850275393223 -8.407518025899838 ; 16.603442757367322 -8.42412987617523 
-13.884413333236441 -0.7068215885394016 ; -13.88512015482498 -0.6929371752061652 
4.3557589927434135 7.980583887612323 ; 4.363739576631025 7.97622812861958 
0.26844455525946775 -15.772496606952071 ; 0.2526720586525157 -15.772765051507331 
19.939737732463723 0.4338069707060854 ; 19.940171539434427 0.4138672329736217 
-17.965015289595296 11.533285093329667 ; -17.953482004501968 11.551250108619262 
-15.229565520689171 -16.667121704998383 ; -15.246232642394169 -16.651892139477695 
-6.075703193011534 17.206569131793607 ; -6.05849662387974 17.21264483498662 
-3.4825543858920174 1.143245475450326 ; -3.481411140416567 1.1467280298362181 
-18.486778745300136 7.913937906781483 ; -18.478864807393354 7.932424685526783 
-1.0606279897644524 -13.348216231658093 ; -1.0739762059961104 -13.347155603668329 
18.9189968136414 16.866586059933216 ; 18.935863399701333 16.847667063119573 
-6.851500306988277 -15.245720298541114 ; -6.866746027286818 -15.238868798234126 
9.592426574901541 -0.39610744132702325 ; 9.592030467460214 -0.4056998679019248 
-10.182578164853243 -15.826196891507859 ; -10.198404361744752 -15.816014313343006 
-11.668113770577083 -19.81522496572601 ; -11.687928995542809 -19.803556851955435 
15.968937153301487 -0.7819466145139607 ; 15.968155206686973 -0.7979155516672622 
-11.942436115903295 18.477413445945082 ; -11.92395870245735 18.489355882060984 
2.8192101246382477 -1.1389929075301564 ; 2.8180711317307177 -1.1418121176547946 
-12.715359260067725 9.425231984797117 ; -12.705934028082927 9.437947344057184 
-6.8840160036552875 -0.5644467033977584 ; -6.884580450358685 -0.5575626873941031 
-2.0761194786615977 7.365199521003986 ; -2.068754279140594 7.367275640482648 
-17.627289952706814 -14.885957978737157 ; -17.642175910685552 -14.86833068878445 
16.521346121893952 8.015860880199769 ; 16.52936198277415 7.999339534077875 
9.698292431581475 -14.879557397363133 ; 9.683412874184112 -14.889255689794714 
-14.605782050456785 1.2416825554854318 ; -14.604540367901299 1.2562883375358886 
-10.372369278222353 -12.083458214845637 ; -10.384452736437199 -12.073085845567414 
-10.745740235301993 12.366763482670981 ; -10.733373471819322 12.377509222906284 
-10.27406544398419 7.448669393496849 ; -10.266616774590693 7.458943458940833 
-14.649782360522714 -11.11264679750215 ; -14.660895007320216 -11.097997015141626 
0.24507698784051102 2.2631996521714868 ; 0.2473401874926825 2.262954575183646 
-17.308276542305595 -9.956297836274606 ; -17.31823284014187 -9.9389895597323 
12.368315334940544 0.5916468224839438 ; 12.368906981763027 0.5792785071490033 
1.0937559696469648 0.6134865686625253 ; 1.0943694562156272 0.6123928126928783 
-11.344556749907332 -1.679428192990518 ; -11.346236178100321 -1.6680836362406106 
3.6159530388323367 14.546546314685623 ; 3.6304995851470223 14.54293036164679 
8.673233185902498 -6.884074572512922 ; 8.666349111329986 -6.892747805698825 
18.474329783515813 7.550298394977218 ; 18.48188008191079 7.531824065193702 
-14.744261120759667 -13.331744538928472 ; -14.757592865298596 -13.317000277807713 
8.493380163790706 19.243133891613503 ; 8.51262329768232 19.23464051144971 
-11.442665086752095 1.0948956123806435 ; -11.441570191139714 1.1063382774673955 
11.445770454452948 -0.13876823150343343 ; 11.445631686221445 -0.15021400195788637 
-19.576623429174514 -12.384671821924373 ; -19.589008100996438 -12.3650951984952 
-17.652394491248575 19.371039502505134 ; -17.63302345174607 19.388691896996384 
-18.7424294789743 6.962080369357708 ; -18.735467398604943 6.980822798836683 
15.483727020467855 -6.3797357023553305 ; 15.4773472847655 -6.395219429375798 
-18.95350783307903 10.107565783489331 ; -18.94340026729554 10.12651929132241 
-3.7243101233852647 -2.585396812422753 ; -3.7268955201976874 -2.5816725022993676 
7.585096112718889 14.140271987254685 ; 7.599236384706144 14.132686891141967 
-3.697639744838794 -12.054272203907763 ; -3.7096940170427017 -12.050574564162924 
-9.672615127237702 18.688643992064666 ; -9.653926483245638 18.698316607191902 
8.117579652069345 -9.08301873961889 ; 8.108496633329727 -9.091136319270959 
14.038670181481537 14.744557255895012 ; 14.053414738737432 14.730518585713531 
6.157399309635715 -13.205749213891862 ; 6.144193560421823 -13.211906613201498 
-11.359247939465888 3.8062799887602825 ; -11.355441659477128 3.8176392366997485 
8.856382291883351 -15.654348067154109 ; 8.840727943816198 -15.663204449445992 
-3.317131820937842 3.8400131075282866 ; -3.3132918078303137 3.8433302393492244 
-14.843956819803713 11.528825148045453 ; -14.832427994655667 11.543669104865256 
15.760788119452787 -4.098163354115084 ; 15.756689956098672 -4.113924142234537 
-7.399615804822995 12.689096706766106 ; -7.386926708116229 12.69649632257093 
-18.116019762821985 -10.455629936019669 ; -18.126475392758003 -10.437513916256847 
-19.435153877680925 -5.605280628203254 ; -19.440759158309127 -5.585845474325573 
16.943072854004235 -18.961500326802742 ; 16.924111353677432 -18.978443399656747 
14.487270309633189 -15.80615069750177 ; 14.471464158935687 -15.820637967811404 
14.436762075832501 10.622042958182565 ; 14.447384118790684 10.607606196106733 
-13.757201934813244 9.302834346282802 ; -13.747899100466961 9.316591548217616 
5.720519532466053 8.356223306487324 ; 5.72887575577254 8.35050278695486 
1.0693499089063054 -8.927599053652465 ; 1.060422309852653 -8.928668403561371 
8.29429873455639 -2.617108332472408 ; 8.291681626223918 -2.6254026312069643 
-7.858502951436169 2.1144332930049474 ; -7.856388518143164 2.1222917959563836 
4.2656175744965115 -12.11773307603191 ; 4.25349984142048 -12.121998693606407 
-16.491626473381533 -0.14784717619279586 ; -16.491774320557727 -0.13135554971941432 
6.403197461566826 4.324814210140696 ; 6.407522275776967 4.318411012679129 
-12.518684768435103 -1.1155079518097026 ; -12.519800276386912 -1.1029892670412675 
-8.965644238931505 -1.4720648268067995 ; -8.967116303758312 -1.463099182567868 
-8.47604577149274 11.212469349022278 ; -8.464833302143719 11.220945394793771 
-17.51949601583188 -0.9071927440772496 ; -17.520403208575956 -0.8896732480614177 
-18.045351319878495 -3.2728799444414394 ; -18.048624199822935 -3.254834593121561 
-18.336367678757235 -2.8524582146782214 ; -18.339220136971914 -2.834121846999464 
-2.2843882863796776 -11.278840993831306 ; -2.295667127373509 -11.276556605544926 
-10.40825710257064 -16.068448399090435 ; -10.424325550969732 -16.058040141987863 
-1.564041961890506 -19.920222168699105 ; -1.583962184059205 -19.918658126737213 
14.20480784435275 -10.339745106935878 ; 14.194468099245814 -10.35394991478023 
9.160229622571816 -16.315343796725614 ; 9.14391427877509 -16.324504026348187 
-17.273459940306598 -3.036895365821219 ; -17.27649683567242 -3.0196219058809124 
-4.966364219179386 -3.404537297542606 ; -4.969768756476928 -3.3995709333234267 
6.306281670483612 8.421708616670728 ; 6.3147033791002825 8.415402335000245 
-16.870343562019077 8.666148298108363 ; -16.86167741372097 8.683018641670381 
-14.686569917853685 18.04701170758138 ; -14.668522906146103 18.061698277499232 
4.214618146415436 9.693667395894774 ; 4.2243118138113305 9.68945277774836 
2.7762222767912386 -10.763181093486741 ; 2.765459095697752 -10.765957315763533 
-14.937184959489668 -15.293214005838701 ; -14.952478173495507 -15.278276820879212 
-9.765673667561554 2.563713199967877 ; -9.763109954361585 2.5734788736354384 
14.85735067655344 -18.520903579023226 ; 14.838829772974416 -18.53576092969978 
-10.927342784536371 9.93187605426711 ; -10.917410908482104 9.942803397051646 
-18.296155445383242 -13.900799440072515 ; -18.310056244823315 -13.88250328462713 
-7.478484607631657 -5.10884608266623 ; -7.483593453714323 -5.101367598058599 
-2.6961206726638527 9.057758810050483 ; -2.687062913853802 9.060454930723147 
3.1269927025614033 18.926111275809628 ; 3.1459188138372127 18.922984283107066 
-3.7420528369257897 13.850979015213898 ; -3.728201857910576 13.854721068050823 
-4.92581208487989 15.778491502057378 ; -4.9100335933778325 15.783417314142257 
5.7501863668890065 -2.8880694761178813 ; 5.747298297412889 -2.8938196624847703 
-5.03561103371103 12.848365595856574 ; -5.022762668115173 12.853401206890284 
-16.430547663646617 -4.113413924492434 ; -16.43466107757111 -4.0969833768287875 
-14.708503443749319 16.740395165216718 ; -14.691763048584102 16.755103668660468 
-2.5313418158985255 5.898078980154112 ; -2.5254437369183713 5.90061032197001 
-1.088366815736161 -6.370686318574099 ; -1.0947375020547352 -6.3695979517583625 
-2.7034753144545505 16.53812391999143 ; -2.686937190534559 16.540827395305886 
7.370966389121932 -8.949079151425135 ; 7.362017309970507 -8.956450117814256 
-17.733725440778855 12.352124360413587 ; -17.72137331641844 12.369858085854366 
13.925409319128697 12.515120272119402 ; 13.937924439400817 12.501194862800274 
-13.018226628022228 -4.212510918163901 ; -13.022439138940392 -4.1994926915358795 
-12.635148965240734 -18.11296706496411 ; -12.653261932305698 -18.10033191599887 
4.137036900677893 0.9639772739270666 ; 4.1380008779518205 0.9598402370263887 
9.982961262380599 6.684071148390839 ; 9.989645333528989 6.674088187128458 
-15.013150167888186 0.005304932606952972 ; -15.01314486295558 0.020318082774841158 
18.192273702727203 0.7910423318401529 ; 18.193064745059043 0.7728500581374257 
1.9177486401455073 18.542894982631744 ; 1.9362915351281391 18.540977233991597 
-12.473191092422487 3.786219135146819 ; -12.46940487328734 3.7986923262392414 
2.3236818210366788 16.780902251744287 ; 2.340462723288423 16.77857856992325 
-1.5495985625782231 -9.1725863660519 ; -1.558771148944275 -9.171036767489323 
16.753372997211645 10.873421540113801 ; 16.76424641875176 10.85666816711659 
0.8069428352456129 -3.7489801424486133 ; 0.8031938551031643 -3.749787085283859 
-6.553473586180588 -13.556887674350921 ; -6.567030473854939 -13.550334200764741 
7.76885629676465 10.316376220739429 ; 7.779172672985389 10.308607364442663 
3.9808863574952973 11.649130543905182 ; 3.9925354880392026 11.645149657547686 
-0.379177371495535 2.4939702329227704 ; -0.37668340126261224 2.494349410294266 
18.81327470469254 10.632930314408524 ; 18.823907635006947 10.614117039703832 
17.072053159092352 2.6750239469800494 ; 17.074728183039333 2.657951893820957 
11.073580307971145 4.039424604890829 ; 11.077619732576036 4.028351024582858 
16.686790368192646 16.258462045358712 ; 16.703048830238004 16.241775254990518 
12.057320148896041 18.292565601578985 ; 12.07561271449762 18.28050828143009 
18.875363911295295 -2.916628006600491 ; 18.872447283288693 -2.9355033705117863 
6.5211744497755815 7.386519393857362 ; 6.528560969169439 7.379998219407586 
2.5129998278993853 2.8965035351300448 ; 2.515896331434515 2.8939905353021453 
3.88150708937217 4.42647474082424 ; 3.885933564112994 4.422593233734868 
-18.81276136920702 2.0419496691244885 ; -18.810719419537897 2.0607624304936953 
15.711101852383416 19.457235331367578 ; 15.730559087714784 19.441524229515196 
-9.668507716384589 -11.95634930186389 ; -9.680464065686452 -11.946680794147506 
-0.6131612842413038 8.242510007386128 ; -0.6049187742339177 8.243123168670369 
-0.15987518678991008 10.735550973344086 ; -0.149139635816566 10.735710848530877 
13.878790161938635 14.036124789626355 ; 13.892826286728262 14.022245999464415 
-16.265096655621758 10.36456767787291 ; -16.254732087943886 10.380832774528532 
2.388993266690771 -2.171453384681126 ; 2.38682181330609 -2.173842377947817 
-19.84645539146357 -4.9711484316914065 ; -19.851426539895265 -4.951301976299943 
-14.721363045396096 -9.467354618394712 ; -14.73083040001449 -9.452633255349316 
-3.6860398664100447 -0.1621759019871446 ; -3.686202042312032 -0.15848986212073454 
-19.97190486046554 -8.00508080505735 ; -19.979909941270595 -7.9851089001968845 
16.48510974113435 -0.4260212317876 ; 16.484683719902563 -0.44250634152873436 
16.715913529462185 -7.042751506093861 ; 16.70887077795609 -7.059467419623323 
-8.740204713111073 18.587628698594752 ; -8.721617084412477 18.596368903307862 
1.5743788157455851 -9.204031296741817 ; 1.5651747844488433 -9.205605675557562 
14.875585956161295 16.93910953879871 ; 14.892525065700093 16.92423395284255 
5.784955390737503 -11.401185697157985 ; 5.7735542050403446 -11.406970652548722 
2.088902453238361 15.989326994277054 ; 2.1048917802326383 15.987238091823816 
-15.064261783934475 -13.73294941789421 ; -15.07799473335237 -13.717885156110276 
4.2981720062702795 14.624329248558839 ; 4.312796335518838 14.620031076552568 
-10.470880072640492 16.261728428038314 ; -10.454618344212454 16.272199308110956 
2.7302744911135703 5.908256330098071 ; 2.7361827474436686 5.905526055606957 
18.45199390836494 -6.425310492457539 ; 18.445568597872484 -6.443762486365904 
-7.307124623710057 -7.427227310055691 ; -7.314551851020113 -7.41992018543198 
6.799333152558387 -7.419080610033342 ; 6.791914071948354 -7.4258799431859 
-14.185214632335024 12.224819004263521 ; -14.17298981333076 12.239004218895856 
-16.625857642692367 6.966217669881122 ; -16.618891425022486 6.982843527523814 
7.930943566725554 6.380975797769648 ; 7.937324542523323 6.373044854202923 
-15.954484012479064 16.205625398979098 ; -15.938278387080084 16.221579882991577 
-19.646856014430075 6.704431571533732 ; -19.64015158285854 6.724078427548162 
7.071554078383221 8.60224845102167 ; 7.080156326834242 8.595176896943286 
-9.405181045357692 9.406947839690858 ; -9.395774097518 9.416353020736215 
18.54263818553919 -18.339816016738954 ; 18.52429836952245 -18.358358654924494 
18.84175110488219 -12.5896932100018 ; 18.829161411672185 -12.608534961106681 
15.611354899431085 12.702747630516399 ; 15.624057647061601 12.687136275616968 
-4.928587142720155 -13.528219481587831 ; -4.942115362201743 -13.523290894445111 
-2.655086709951077 -6.4964138701859175 ; -2.661583123821263 -6.4937587834759665 
-4.753109289438034 4.948819666157749 ; -4.748160469771876 4.953572775447187 
12.016382569000198 10.142758273693591 ; 12.026525327273891 10.130741891124591 
-0.02046744330826178 -16.30387296368617 ; -0.03677131627194795 -16.30385249624286 
11.36467897309999 19.506225027307416 ; 11.384185198127296 19.494860348334317 
-19.338325318486802 -7.035780834032126 ; -19.345361099320833 -7.016442508713639 
-18.697811761260056 -11.987276374422281 ; -18.70979903763448 -11.96857856266102 
3.4904013359711588 9.849786312011068 ; 3.50025112228317 9.846295910675096 
14.97678636626483 8.470730356498441 ; 14.985257096621329 8.455753570132176 
4.885930108293444 12.911849731098751 ; 4.898841958024542 12.906963800990457 
16.093102429330727 4.480080887072007 ; 16.097582510217798 4.4639877846426765 
-4.944288771942291 12.24739617521684 ; -4.932041375767074 12.252340463988782 
-7.855705033313939 -9.171712947645295 ; -7.864876746261584 -9.16385724261198 
5.3188556694837255 0.4616656707211494 ; 5.319317335154446 0.4563468150516657 
-19.754410954667946 -10.7271397131762 ; -19.765138094381122 -10.707385302221532 
-2.4830070167777496 -9.643345198351248 ; -2.492650361976101 -9.64086219133447 
-13.002280204565098 12.18924735894558 ; -12.990090957206153 12.202249639150146 
9.581438112196915 12.496162492577962 ; 9.593934274689493 12.486581054465766 
8.760227334589917 -3.320455060135142 ; 8.756906879529781 -3.329215287469732 
-2.4599657948535594 -14.863882441906743 ; -2.474829677295466 -14.861422476111889 
13.139706368579846 -14.042851772614105 ; 13.125663516807233 -14.055991478982685 
10.065417691378558 12.190912316558451 ; 10.077608603695117 12.180846898867072 
-8.723867418786803 -13.914937314112661 ; -8.737782356100915 -13.906213446693874 
15.30880384713492 18.133349976535264 ; 15.326937197111455 18.11804117268813 
-6.2489024996105895 -3.07959939765993 ; -6.2519820990082495 -3.0733504951603194 
3.3126908278048535 16.291472054681577 ; 3.328982299859535 16.288159363853772 
8.221868344854206 18.40166864187207 ; 8.240270013496078 18.393446773527216 
-13.524209563158932 5.777345784960472 ; -13.518432217373972 5.790869994523631 
-2.013591772162028 10.306882070652216 ; -2.003284890091376 10.308895662424378 
1.2491419249520201 10.869797425448914 ; 1.2600117223774692 10.868548283523962 
16.537041244781193 -19.415632716987812 ; 16.517625612064204 -19.432169758232593 
-0.697329783729786 -14.90236665359004 ; -0.7122321503833761 -14.90166932380631 
-11.702411146715376 10.622132085556347 ; -11.69178901462982 10.633834496703061 
6.200011218026896 5.2720330538936775 ; 6.20528325108079 5.26583304267565 
-5.500852955284417 4.951629358327162 ; -5.49590132592609 4.957130211282447 
-9.049445873903949 -13.746152238976723 ; -9.063192026142925 -13.73710279310282 
-7.059181633150735 -8.358419532074878 ; -7.06754005268281 -8.351360350441727 
-3.9795822134370327 16.663736917124695 ; -3.962918476519908 16.66771649933813 
16.38206112150788 2.5828119969892622 ; 16.384643933504872 2.5664299358677543 
15.46173659587431 -8.33974437644404 ; 15.453396851497866 -8.355206113039914 
13.951392768141039 6.700515892375934 ; 13.958093284033415 6.686564499607793 
-11.571711073278822 5.089387251048687 ; -11.566621686027773 5.1009589621219655 
-18.905055396654515 -14.464192777063126 ; -18.919519589431577 -14.445287721666471 
19.24490422784003 -18.711321651466914 ; 19.226192906188565 -18.730566555694754 
-9.495668366742876 15.521960084249772 ; -9.480146406658626 15.531455752616514 
1.7374074292597645 -6.286318209181538 ; 1.731121111050583 -6.288055616610798 
12.877685968451345 2.720373332770509 ; 12.880406341784116 2.7074956468020575 
-6.627050815086234 10.884871635981701 ; -6.616165943450252 10.891498686796787 
-11.095590921461714 2.858971816116921 ; -11.092731949645597 2.8700674070383827 
11.471554935352925 11.39674657193087 ; 11.482951681924856 11.385275016995516 
-13.9108288966838 -6.716553487339054 ; -13.917545450171138 -6.70264265844237 
-14.942384663354378 13.798794996556687 ; -14.928585868357821 13.813737381220042 
-3.76102488585064 -5.255423896380562 ; -3.7662803097470205 -5.251662871494712 
-11.565119326420042 -6.744587620444654 ; -11.571863914040486 -6.733022501118234 
-7.17859104350951 -3.9100545598935352 ; -7.1825010980694035 -3.902875968850026 
-9.117775460655421 14.513297593519631 ; -9.1032621630619 14.522415368980287 
-8.68378450304955 13.975295250358116 ; -8.669809207799192 13.983979034861164 
-3.880732776706937 -1.7000261862452644 ; -3.8824328028931823 -1.6961454534685574 
-6.147417525734403 -8.68429239086447 ; -6.156101818125267 -8.678144973338735 
-13.902359793912426 6.162586119002457 ; -13.896197207793424 6.17648847879637 
-12.339603931261744 1.4396563663472979 ; -12.338164274895396 1.4519959702785596 
-8.157182683132968 -10.415693182676677 ; -8.167598376315645 -10.407535999993543 
-13.073092466104692 -11.356518737195687 ; -13.084448984841888 -11.343445644729583 
-8.401808088123625 16.604900263831315 ; -8.385203187859794 16.61330207191944 
18.557541082429136 3.5178477261718553 ; 18.56105893015531 3.4992901850894262 
7.6551447330280515 -7.127830788109953 ; 7.648016902239942 -7.135485932842981 
-5.538735548653585 11.757809268794857 ; -5.52697773938479 11.763348004343511 
-10.630925354840574 -6.64626181678009 ; -10.637571616657354 -6.635630891425249 
-5.94101910164652 -10.880213337822846 ; -5.9518993149843435 -10.8742723187212 
-3.256777196636956 -10.142113476422447 ; -3.2669193101133787 -10.13885669922581 
-4.556392633178696 2.2277597875099193 ; -4.554164873391186 2.232316180143098 
-3.4137413383096633 7.650669375059087 ; -3.4060906689346044 7.654083116397397 
-5.718107022692963 -1.9127615478306643 ; -5.720019784240794 -1.9070434408079713 
12.137823248963782 -0.19676519102960965 ; 12.137626483772753 -0.20890301427857344 
-5.752206369477961 -15.32833182454488 ; -5.767534701302506 -15.322579618175403 
-4.196159496620735 1.4619147008490336 ; -4.194697581919886 1.4661108603456543 
-10.826854022132954 4.836409881561203 ; -10.822017612251393 4.847236735583336 
19.590970325488538 16.112363771767992 ; 19.607082689260306 16.092772801442504 
-8.072994444811707 17.83839943545088 ; -8.055156045376256 17.846472429895694 
10.556951181812943 -18.771760922577645 ; 10.538179420890366 -18.782317873759457 
12.713173112199556 -6.5919123269353275 ; 12.70658119987262 -6.604625500047527 
15.537282459057943 8.312297572073385 ; 15.545594756630017 8.296760289614328 
-15.746706681526748 10.170885418783259 ; -15.736535796107963 10.186632125464786 
-3.7465085128588766 -13.052923565980613 ; -3.7595614364248573 -13.049177057467755 
11.591311100063605 -8.475516624903827 ; 11.582835583438701 -8.487107936003891 
11.464464660688572 -19.039516093414452 ; 11.445425144595157 -19.05098055807514 
-13.657095328006541 17.477962609567943 ; -13.639617365396973 17.49161970489595 
12.525183976525732 -10.387683065669517 ; 12.514796293460062 -10.400208249646044 
-4.696941910769659 18.383572944227044 ; -4.678558337825431 18.388269886137813 
-16.797626508436075 -8.436278469737553 ; -16.806062786905812 -8.419480843229117 
17.883058570561744 1.8739660137761347 ; 17.88493253657552 1.8560829552055729 
-10.774369792960037 -9.054327423824573 ; -10.783424120383861 -9.043553054031612 
-13.27438089242519 -8.635193086104564 ; -13.283016085511296 -8.621918705212138 
-3.1940341556207352 -17.29858181448411 ; -3.211332737435219 -17.29538778032849 
-7.112509915312058 -16.88239088243829 ; -7.129392306194497 -16.875278372522978 
2.906864310774526 -8.80922423440719 ; 2.8980550865401185 -8.812131098717964 
-14.593776101484186 -10.49502120977378 ; -14.60427112269396 -10.480427433672295 
-8.138663993451297 -0.21173945596627908 ; -8.138875732907264 -0.20360079197282777 
-7.567710902163309 -11.010300816157407 ; -7.578721202979467 -11.002733105255244 
0.9425281012239076 -12.218368062966523 ; 0.9303097331609411 -12.219310591067746 
-1.4053856136866574 11.635028912901555 ; -1.393750584773756 11.636434298515242 
-9.722481628973487 -1.6779387432197441 ; -9.724159567716706 -1.6682162615907707 
17.58325221083033 -14.118136227095812 ; 17.569134074603234 -14.135719479306642 
13.08631936444722 -12.440695294754896 ; 13.073878669152466 -12.453781614119343 
4.770325243781132 -5.381014855348955 ; 4.764944228925783 -5.385785180592736 
-1.183570264323829 -3.4217574263894943 ; -1.1869920217502186 -3.4205738561251704 
-11.148704998534088 6.472576198779177 ; -11.142232422335308 6.483724903777711 
-10.232855450128643 -4.369121614804893 ; -10.237224571743447 -4.358888759354764 
3.3854161690353903 8.18025790864005 ; 3.3935964269440304 8.176872492471015 
6.908092448963991 -5.7126824776615654 ; 6.902379766486329 -5.71959057011053 
-12.442952717228328 -5.96869255667638 ; -12.448921409785004 -5.956249603959152 
-13.569118742337418 -12.447188077527501 ; -13.581565930414945 -12.433618958785164 
-6.2865951220465375 -7.46501444144328 ; -6.294060136487981 -7.458727846321234 
-0.08985225813410935 -19.026518844367708 ; -0.10887877697847706 -19.026428992109572 
8.64997887242513 1.1596110649072382 ; 8.651138483490037 1.1509610860348132 
14.230795699034992 -8.902705145383445 ; 14.22189299388961 -8.91693594108248 
-0.7025696594728946 12.679234213068172 ; -0.6898904252598265 12.679936782727644 
9.169545781488594 -17.066952235065173 ; 9.152478829253528 -17.076121780846663 
-5.55445165741611 -4.04427598103256 ; -5.558495933397142 -4.0387215293751435 
-7.224091800330905 -19.872593107676927 ; -7.243964393438582 -19.865369015876595 
-1.2819182974181014 2.9530700345730305 ; -1.2789652273835284 2.9543519528704487 
19.09295151866275 11.657032718296609 ; 19.104608551381048 11.637939766777945 
3.6505067062693772 3.761714196784683 ; 3.654268420466162 3.758063690078414 
-15.48771500839967 7.676533752663747 ; -15.480038474647007 7.692021467672147 
-9.276400877190065 3.706727896467612 ; -9.272694149293597 3.716004297344802 
5.407686745792002 12.309220580002485 ; 5.419995966372005 12.303812893256692 
-2.40854310593712 11.800925262505972 ; -2.396742180674614 11.80333380561191 
-17.942600146352806 -19.299302388375573 ; -17.961899448741182 -19.28135978822922 
11.149702194186943 -10.231337262647422 ; 11.139470856924296 -10.242486964841609 
1.9597450675277255 -12.717164986926472 ; 1.947027902540799 -12.719124731993999 
6.535450066838628 19.099011578195714 ; 6.554549078416824 19.092476128128876 
-15.276342538572099 15.602937645397786 ; -15.260739600926701 15.618213987936358 
-8.522802770249676 4.088326142568262 ; -8.518714444107108 4.096848945338512 
-2.8645072259391697 6.65693227455364 ; -2.857850293664616 6.659796781779579 
-9.977660808213917 -5.061289525500627 ; -9.982722097739417 -5.051311864692414 
-17.446417810627388 -11.12111171421253 ; -17.4575389223416 -11.103665296401903 
17.606764591228707 -15.674259353235339 ; 17.59109033187547 -15.691866117826567 
-2.1884285486595263 12.438239431763005 ; -2.1759903092277635 12.440427860311665 
8.185494268509972 -0.30227365797050465 ; 8.185191994852001 -0.3104591522390146 
-6.887139055822299 7.714532485093032 ; -6.879424523337206 7.721419624148854 
3.329130879690208 -15.704724092246593 ; 3.3134261555979614 -15.708053223126283 
-0.7352873083207824 -6.711316210374027 ; -0.7419986245311564 -6.710580923065706 
17.56817432974255 14.186968264616802 ; 17.582361298007168 14.16940009028706 
-13.093701182851568 13.672773783114625 ; -13.080028409068452 13.685867484297477 
-16.316858356215945 -2.1123465054684933 ; -16.318970702721415 -2.0960296471122772 
-14.740677792068379 -12.593686083512289 ; -14.753271478151891 -12.578945405720221 
4.545614975072032 2.257388245421442 ; 4.547872363317453 2.25284263044637 
10.680028969367108 -15.434738089082279 ; 10.664594231278025 -15.445418118051645 
19.405414892421426 -15.548279593519252 ; 19.389866612827905 -15.567685008411674 
-3.077677068841601 14.137000520011949 ; -3.063540068321589 14.14007819708079 
2.954629285722301 -19.46673389097779 ; 2.9351625518313234 -19.46968852026351 
-1.2840909258424538 5.062901339808143 ; -1.2790280245026455 5.064185430733985 
-4.0154089383472575 -7.068562866892403 ; -4.02247750121415 -7.064547457954056 
12.283740555388968 19.872421679366916 ; 12.303612977068335 19.860137938811526 
-8.626995377108958 -15.255982654661187 ; -8.64225135976362 -15.247355659284079 
15.661713314462729 -11.787389156037328 ; 15.649925925306691 -11.803050869351791 
-3.653421979996029 -7.992213899356435 ; -3.6614141938953852 -7.988560477376439 
7.986258612995788 -12.508305291995347 ; 7.973750307703792 -12.516291550608344 
0.9966071456110838 8.841793629577369 ; 1.0054489392406611 8.840797022431758 
17.764141428156247 8.959730728442471 ; 17.77310115888469 8.941966587014315 
-9.491943262698857 1.4034561343506842 ; -9.490539806564506 1.412948077613383 
8.844885215819179 -4.55753649669297 ; 8.840327679322487 -4.56638138190879 
5.778183561857846 -9.995009375951893 ; 5.768188552481894 -10.000787559513752 
-13.20186880851129 11.170711502176143 ; -13.190698097009113 11.183913370984655 
-19.930859389571392 -9.03161838172048 ; -19.93989100795311 -9.011687522330908 
7.856070050010731 1.282735605907351 ; 7.857352785616639 1.2748795358573402 
-0.21689064764288535 15.771712194154013 ; -0.20111893544873133 15.771929084801656 
-10.26798384797421 18.623565876967756 ; -10.249360282097241 18.63383386081573 
18.40953466223095 17.903111240501048 ; 18.42743777347145 17.88470170583882 
-19.87719656971433 11.479219930553093 ; -19.865717349783775 11.499097127122807 
14.11585067624959 2.7305456691956995 ; 14.118581221918785 2.7164298185194498 
-2.9938938381816884 -1.9067838869638871 ; -2.995800622068652 -1.9037899931257054 
5.437171355224907 -14.31009738066493 ; 5.422861257844241 -14.315534552020155 
14.73547836177485 11.868141584546475 ; 14.747346503359397 11.8534061061847 
7.507121722853157 9.519437711630133 ; 7.516641160564787 9.51193058990728 
-15.759050346133993 2.969397125817088 ; -15.756080949008176 2.985156176163222 
-9.050913687596116 4.0801042120526665 ; -9.046833583384064 4.0891551257402625 
-4.574091522896414 3.1333148470122896 ; -4.570958208049402 3.137888938535186 
-14.45515539293956 3.8407935889944245 ; -14.451314599350566 3.855248744387364 
-12.346345268027637 -2.843813830841186 ; -12.349189081858478 -2.8314674855731585 
1.1243128904836341 16.709600244510096 ; 1.1410224907281443 16.708475931619613 
2.1243196768099226 10.972895027019263 ; 2.135292571836942 10.970770707342453 
-10.592715702469345 15.531168532641315 ; -10.577184533936704 15.541761248343784 
-18.20756534756562 17.390604819630152 ; -18.190174742745988 17.40881238497772 
-0.16498123193483638 16.40109027453665 ; -0.14858014166029973 16.401255255768586 
4.204049985241386 -6.257759526210917 ; 4.197792225715175 -6.261963576196158 
-3.6966257934363 -6.152247523125151 ; -3.702778040959425 -6.148550897331715 
-11.003466778773934 -13.020503897716555 ; -11.016487282671651 -13.00950043093778 
2.3917779066623366 9.155716896538614 ; 2.4009336235588754 9.153325118631951 
-17.969354703620123 0.7589755652745053 ; -17.968595728054847 0.7769449199781254 
-15.840880630744644 14.576743467008885 ; -15.826303887277636 14.59258434763963 
18.188451031870528 -17.670530803291065 ; 18.170780501067238 -17.688719254322937 
1.753784165060555 17.813356850872097 ; 1.771597521911427 17.811603066707036 
-19.196129997088406 4.364715115721355 ; -19.191765281972685 4.383911245718443 
-19.941027712288154 -17.184335654649438 ; -19.958212047942805 -17.16439462693715 
-5.158709920830484 -3.16150887679363 ; -5.161871429707277 -3.1563501668728 
5.914618430193469 -15.957271800891544 ; 5.898661158392578 -15.963186419321737 
17.55688418281411 19.051464770734647 ; 17.575935647584842 19.033907886551834 
-17.752974715785488 -16.163014733952348 ; -17.76913773051944 -16.14526175923656 
15.495708757592087 0.400571911087804 ; 15.496109329503176 0.3850762023302119 
-4.419483585064975 -16.09203947922092 ; -4.435575624544196 -16.087619995635855 
13.124003666855906 11.422043480462674 ; 13.135425710336369 11.408919476795818 
7.092718832027668 11.435270483745759 ; 7.104154102511414 11.428177764913732 
-13.626454529272177 -18.31530357743355 ; -13.64476983284961 -18.301677122904277 
8.205911379428455 7.935968667849364 ; 8.213847348096305 7.927762756469936 
-4.980357344492852 -9.238760631662158 ; -4.989596105124514 -9.233780274317665 
-5.781969591738383 -16.596422431873503 ; -5.798566014170256 -16.590640462281765 
17.565290696507113 12.203132229566952 ; 17.577493828736678 12.185566938870446 
-13.626727451573153 -14.476781928680891 ; -13.641204233501833 -14.463155201229318 
19.566936661848857 19.952115879360054 ; 19.586888777728216 19.932548942698205 
9.5484500335285 -19.02174436700345 ; 9.529428289161496 -19.031292817036977 
-3.1082450533691564 8.52138023766801 ; -3.0997236731314883 8.52448848272138 
15.34403334001825 14.962041107390975 ; 15.358995381125641 14.946697074050958 
5.397986396064161 -12.036051068443209 ; 5.3859503449957185 -12.041449054839273 
17.66309874478795 18.49694495512377 ; 17.681595689743073 18.479281856378982 
-8.090959195836664 8.138637164351456 ; -8.082820558672312 8.146728123547293 
-16.264572575065213 -9.46690812429027 ; -16.274039483189505 -9.450643551715205 
-11.173124228981642 19.273342962746693 ; -11.153850886018896 19.284516086975675 
6.2364899195404 -0.8436202401567829 ; 6.235646299300243 -0.8498567300763233 
-15.504740667177478 8.378207978950797 ; -15.496362459198528 8.393712719617975 
2.377221896721527 17.31945567579327 ; 2.39454135239732 17.31707845389655 
7.544775801124467 12.910055095350975 ; 7.557685856219818 12.902510319549851 
10.222915043515359 -8.28105350731127 ; 10.214633990008048 -8.291276422354786 
-1.648413145899855 -1.898177642896324 ; -1.6503113235427513 -1.8965292297504242 
9.225137369930286 11.298802208072376 ; 9.236436172138358 11.289577070702446 
11.353325019106881 7.195670572423708 ; 11.360520689679305 7.184317247404602 
-3.5308380466496305 11.885952990647883 ; -3.5189520936589824 11.889483828694534 
9.0269616449367 1.5147668147302236 ; 9.02847641175143 1.5057398530852868 
-2.2267635100898686 19.88881794176499 ; -2.2068746921481037 19.891044705275082 
16.088261682407182 9.561000347343752 ; 16.097822682754526 9.544912085661345 
-19.321315269628847 -14.382515914666586 ; -19.335697785543513 -14.363194599396957 
12.473367855081392 8.455238842833108 ; 12.481823093924225 8.442765474978026 
-3.8615860051479043 -4.993383830693516 ; -3.866579388978598 -4.989522244688368 
-2.8460192457944764 -3.0485626282795857 ; -2.849067808422756 -3.045716609033791 
10.746947455302177 17.910348175505934 ; 10.764857803477684 17.89960122805063 
-8.008179325053304 2.4409693911277506 ; -8.005738355662176 2.448977570452804 
1.3704732119720573 -0.00781494385424042 ; 1.370465397028203 -0.009185417066212476 
-12.018106019982659 0.9305556152580989 ; -12.017175464367401 0.9425737212780816 
-10.34654343431513 -7.474879184813468 ; -10.354018313499944 -7.464532641379153 
-6.165389409430464 8.03302824199885 ; -6.157356381188465 8.03919363140828 
7.118587459526954 -6.73265192599288 ; 7.111854807600961 -6.739770513452407 
-13.99176071203045 2.3851854002421833 ; -13.989375526630207 2.399177160954214 
0.9045762824102975 1.480212226086305 ; 0.9060564946363838 1.4793076498038948 
18.23786919894834 6.541399616725082 ; 18.244410598565064 6.523161747526133 
5.962542076532014 2.9943054898769823 ; 5.965536382021891 2.9883429478004504 
-6.507518464969709 -5.892329041078153 ; -6.513410794010787 -5.885821522613183 
6.728750028889906 -9.321161073650732 ; 6.719428867816256 -9.327889823679621 
-6.349879054693737 -6.106689276708124 ; -6.355985743970446 -6.10033939765343 
-11.868120906791969 -9.021914889623995 ; -11.877142821681593 -9.010046768717203 
2.5466355322896725 -13.950786866236886 ; 2.5326847454234356 -13.953333501769176 
-3.421429799727039 4.567019862144841 ; -3.416862779864894 4.570441291944568 
7.782403533764913 -15.816275579526643 ; 7.766587258185386 -15.824057983060408 
3.973912757597211 -10.792351077679044 ; 3.9631204065195322 -10.796324990436641 
17.714796400457416 11.168126481399334 ; 17.725964526938817 11.150411684998875 
17.632338141036453 15.598413316195039 ; 17.647936554352647 15.580780978054003 
8.757481973362653 3.0381497827817743 ; 8.760520123145435 3.0293923008084116 
13.12282219911877 7.039323886428574 ; 13.129861523005198 7.026201064229455 
-9.455689633565614 11.294597944313445 ; -9.4443950356213 11.30405363394701 
17.754853729604307 -17.3822573480521 ; 17.737471472256253 -17.400012201781703 
12.645487931762665 -17.012965047973974 ; 12.628474966714691 -17.025610535905738 
-3.908806393535395 9.775785701221478 ; -3.899030607834174 9.779694507615014 
3.3791685335765607 19.749043018056753 ; 3.3989175765946174 19.745663849523176 
-8.58032808546142 -14.021401652297298 ; -8.594349487113718 -14.012821324211837 
5.447741352213371 -18.142902543902075 ; 5.429598449669469 -18.14835028525429 
-12.787591366436711 8.0025264870441 ; -12.779588839949668 8.015314078410537 
17.050068491627805 4.8574847034902815 ; 17.054925976331294 4.840434634998654 
14.934340395733779 7.570818679497492 ; 14.941911214413276 7.555884339101758 
-5.162422658753733 -18.7698056137582 ; -5.181192464367491 -18.76464319109945 
-8.982714163888696 6.926395265630105 ; -8.975787768623066 6.935377979793993 
11.027877098877532 -13.656117966766107 ; 11.014220980910766 -13.667145843864985 
8.49433653326839 16.880249895242905 ; 8.511216783163633 16.871755558709637 
-6.716403097680832 6.454769257156804 ; -6.709948328423676 6.461485660254485 
-10.173654242915843 17.717641268964062 ; -10.155936601646879 17.727814923206978 
2.2486318452016962 -4.923090122374928 ; 2.243708755079321 -4.92533875422013 
-16.334219003318896 9.665860981119963 ; -16.324553142337777 9.682195200123282 
-5.380444825182964 -5.632079246935335 ; -5.3860769044299 -5.626698802110153 
-16.431953039822957 3.947959083025942 ; -16.428005080739933 3.964391036065765 
14.235463080754506 -7.333513824892165 ; 14.228129566929614 -7.34774928797292 
12.29537402830675 16.878157420971416 ; 12.31225218572772 16.86586204694311 
17.868634325196073 6.211869323981066 ; 17.874846194520053 6.19400068965587 
16.61353563461066 5.281002937172481 ; 16.618816637547834 5.26438940153787 
11.236206889836446 -18.60030247891234 ; 11.217606587357533 -18.611538685802177 
7.517099712911648 7.850284542222082 ; 7.52494999745387 7.84276744250917 
8.454089146688434 -14.13536243502968 ; 8.439953784253404 -14.14381652417637 
-16.33488865624807 -10.452158891554642 ; -16.345340815139622 -10.435824002898395 
10.139103911264788 -14.957820615266815 ; 10.124146090649521 -14.96795971917808 
17.40525936112278 -4.730129978938205 ; 17.400529231143842 -4.747535238299328 
-5.730282657337647 10.278010078759479 ; -5.720004647258888 10.283740361416816 
0.21818760801064785 -6.238415422939466 ; 0.2119491925877084 -6.238633610547477 
4.680422148044422 -17.377437664669998 ; 4.6630447103797525 -17.382118086818043 
5.031842259846749 14.792406811085117 ; 5.046634666657834 14.78737496882527 
12.082245202682788 -5.152489058660342 ; 12.077092713624127 -5.164571303863024 
0.7333773497585143 -5.541707502219804 ; 0.7278356422562945 -5.542440879569563 
3.3385025638390036 -19.059008016992934 ; 3.319443555822011 -19.062346519556773 
8.008925028112557 15.412818044516122 ; 8.024337846157074 15.404809119488009 
-18.067723753535148 -1.1964260177087358 ; -18.06892017955286 -1.1783582939552006 
-9.339313438167217 -18.659592225736926 ; -9.357973030392953 -18.650252912298757 
-15.855821003970933 4.042189328292667 ; -15.85177881464264 4.058045149296638 
7.031907363142698 -18.933365310362287 ; 7.0129739978323355 -18.94039721772543 
-4.6985567851196866 -6.526289608166775 ; -4.705083074727853 -6.521591051381655 
-5.19679862222657 -11.120566345418887 ; -5.207919188571989 -11.11536954679666 
-3.9939440216339785 -16.233342388690495 ; -4.010177364022669 -16.22934844466886 
-8.547201371573081 0.8354150903999866 ; -8.546365956482681 0.8439622917715597 
19.109010272215535 -7.91303064046811 ; 19.10109724157507 -7.932139650740325 
-18.541923944034064 -4.607230071881319 ; -18.546531174105944 -4.588688147937285 
-5.789310069862963 1.0936566905984437 ; -5.788216413172364 1.0994460006683067 
-8.398745553236557 -3.7881470198992693 ; -8.402533700256456 -3.7797482743460327 
-5.594016168208481 -9.738418682897466 ; -5.6037545868913785 -9.732824666729258 
-6.7211259080821195 14.527106890570105 ; -6.706598801191549 14.533828016478187 
6.867745913965906 15.412301035773018 ; 6.883158215001679 15.405433289859051 
-3.550571314965442 0.8869360430760262 ; -3.549684378922366 0.8904866143909916 
-4.344058546058174 16.96189653816157 ; -4.327096649520013 16.966240596707628 
-0.30117489558162314 -7.533418406329571 ; -0.30870831398795273 -7.533117231433989 
4.1344176409867615 4.026095440475564 ; 4.138443736427237 4.021961022834578 
-14.2286380779475 -0.4100460789929111 ; -14.229048124026493 -0.3958174409149636 
1.3905564413438216 -2.6123577153253006 ; 1.3879440836284964 -2.6137482717666445 
-13.20947514068111 -5.858488954544763 ; -13.215333629635655 -5.845279479404081 
1.4416718978241394 14.499714568946997 ; 1.4561716123930863 14.498272897049173 
-13.671130489877713 -16.878410358483343 ; -13.688008900236197 -16.864739227993464 
-2.220670651627638 15.732795695510127 ; -2.204937855932128 15.735016366161755 
6.429252851791256 3.216935017206385 ; 6.432469786808462 3.210505764354594 
-11.895305321123601 -14.546081313547521 ; -11.909851402437148 -14.534186008226397 
13.836507853011915 19.691242596654455 ; 13.856199095608568 19.677406088801444 
-19.175394436181307 16.303896350046923 ; -19.15909053983126 16.323071744483105 
-14.923184877459814 -2.6070869016059905 ; -14.92579196436142 -2.5921637167285305 
1.2876305700626673 4.628802300293696 ; 1.292259372362961 4.627514669723634 
-10.410362696988415 -8.67153845879098 ; -10.419034235447205 -8.661128096093991 
-3.0918679625998413 -15.877284182984477 ; -3.1077452467828257 -15.874192315021878 
18.10126805062397 18.271865344211992 ; 18.11953991596818 18.253764076161367 
-7.995051338182008 14.58364585246953 ; -7.980467692329539 14.591640903807713 
-11.911100601390519 15.970435116486401 ; -11.895130166274033 15.982346217087791 
-0.8514566765950129 -10.576523319146043 ; -0.8620331999141589 -10.575671862469449 
11.275718542698721 9.15735200533127 ; 11.284875894704053 9.14607628678857 
-16.146355778286903 11.579002721819629 ; -16.134776775565083 11.595149077597917 
0.1503377816167777 4.911750065369795 ; 0.15524953168214747 4.911599727588179 
10.060372355165997 -3.7405937234499866 ; 10.056631761442548 -3.7506540958051526 
-17.424386941040225 -12.060949287080707 ; -17.436447890327305 -12.043524900139666 
-19.18779012956152 -6.616982580068037 ; -19.194407112141587 -6.597794789938476 
9.319202162972191 7.074443954838597 ; 9.32627660692703 7.065124752675625 
-16.18378459721508 12.948589953923944 ; -16.170836007261155 12.96477373852116 
17.947427202684295 7.60509601688735 ; 17.955032298701184 7.5871485896846655 
-1.4653787644214509 17.401211623346388 ; -1.4479775527981045 17.40267700211081 
-8.511629357537746 5.857056731908985 ; -8.505772300805837 5.865568361266523 
-14.242487225724531 8.175124019095641 ; -14.234312101705436 8.189366506321365 
1.5243851370244066 -14.351037257119067 ; 1.5100340997672874 -14.352561642256092 
10.853771519339126 -7.772363399272025 ; 10.845999155939854 -7.783217170791364 
-4.0793026253616 7.11058672159688 ; -4.0721920386400035 7.114666024222241 
2.703403827216447 -17.165394378870566 ; 2.6862384328375764 -17.16809778269778 
-12.363449017038683 10.162168282784805 ; -12.353286848755898 10.174531731801844 
-12.47337386703552 -11.565268397982011 ; -12.484939135433502 -11.552795024114976 
10.692634901877236 -5.376420643437216 ; 10.6872584812338 -5.387113278339093 
3.986854622003947 -14.369948028510407 ; 3.972484673975437 -14.373934883132412 
10.272770061548869 19.83558453779287 ; 10.292605646086662 19.82531176773132 
14.042184854643986 -12.78439754050576 ; 14.029400457103481 -12.798439725360403 
18.536022031411225 14.3741196425386 ; 18.550396151053764 14.35558362050719 
-9.310655570415236 5.107962302488927 ; -9.305547608112747 5.117272958059342 
16.35909195486009 1.4197749289304031 ; 16.36051172978902 1.403415836975543 
19.546838844811845 -3.517895694458012 ; 19.543320949117387 -3.537442533302824 
1.1114745686767977 1.1225377117199926 ; 1.1125971063885176 1.1214262371513157 
-2.0781441999477734 -5.9448906631793985 ; -2.084089090610953 -5.9428125189794505 
-9.71216933254262 -10.990249161139255 ; -9.72315958170376 -10.980536991806712 
-12.489770307141184 2.7966492408542134 ; -12.486973657900329 2.8091390111613546 
10.044739143562293 -2.058747587297644 ; 10.042680395974996 -2.0687923264412063 
16.457412766032267 12.113346391927012 ; 16.469526112424195 12.09688897916098 
4.038281238806278 6.823138625217082 ; 4.045104377431495 6.819100343978276 
17.123404928557026 -12.841007819021938 ; 17.110563920738002 -12.858131223950494 
19.272684587144546 9.50382306159411 ; 19.28218841020614 9.484550377006965 
11.317801952866821 -5.859412930341826 ; 11.31194253993648 -5.8707307322946924 
-1.267624666445744 -8.93757244895054 ; -1.2765622388946944 -8.936304824284095 
-16.48991217039692 13.293263369693568 ; -16.476618907027227 13.309753281863964 
7.801281232281735 -13.509599141796867 ; 7.787771633139938 -13.51740042302915 
2.185235868617312 4.1178127182866975 ; 2.1893536813355987 4.1156274824180805 
-11.222722346822637 -11.48689981427442 ; -11.234209246636912 -11.475677091927597 
0.5446176381097356 19.013774144160166 ; 0.5636314122538958 19.013229526522057 
9.418316347415201 4.7030549120834495 ; 9.423019402327284 4.693636595736034 
13.02417387253886 -1.2377705573900724 ; 13.02293610198147 -1.2507947312626113 
10.028250599449834 8.098778229302486 ; 10.036349377679135 8.088749978703035 
-3.0121691432488737 -9.795657583814018 ; -3.021964800832688 -9.792645414670769 
7.532200531189134 15.728220853744554 ; 7.547928752042878 15.720688653213365 
12.48670764089773 -14.439069694232431 ; 12.472268571203498 -14.45155640187333 
-9.435700423466267 -12.085866814297438 ; -9.447786290280565 -12.076431113873971 
-13.385038140042344 15.42691403564265 ; -13.3696112260067 15.440299073782692 
11.766006380263178 1.9958231978988823 ; 11.768002203461077 1.9840571915186191 
10.458738634338582 13.521367318838568 ; 10.472260001657421 13.510908580204228 
-3.333360719697465 -8.64116424318739 ; -3.3420018839406525 -8.637830882467693 
17.00210141347315 -0.6165812544113073 ; 17.001484832218736 -0.6335833558247804 
-18.294877360566417 0.617851855033333 ; -18.294259508711384 0.6361467323938994 
-14.595975939466689 19.59875894903936 ; -14.57637718051765 19.61335492497883 
0.2120887017813503 -0.04307017943766289 ; 0.21204563160191264 -0.04328226813944424 
-7.074608462822531 15.872223345545732 ; -7.0587362394769855 15.879297954008555 
-16.546239637666204 -7.3929911873610825 ; -16.553632628853567 -7.376444947723416 
-19.788868844685386 13.981080122669777 ; -19.774887764562717 14.000868991514462 
13.015719096246011 13.532277697007123 ; 13.029251373943017 13.519261977910876 
14.391232994568899 -19.93040649009092 ; 14.371302588078809 -19.94479772308549 
4.3427604991373 -13.317832898132277 ; 4.329442666239167 -13.322175658631414 
-7.466610927774936 13.902869387312009 ; -7.452708058387624 13.910335998239784 
-6.5948748184672 11.670272366592217 ; -6.583204546100608 11.676867241410683 
-0.713690502579273 -0.704879987639154 ; -0.7143953825669122 -0.7041662971365747 
-11.814332811671001 -16.983021204458694 ; -11.83131583287546 -16.971206871647023 
-12.267416382262574 4.346634991366695 ; -12.263069747271208 4.358902407748958 
1.4326961274805305 -11.714982107851279 ; 1.4209811453726793 -11.71641480397876 
-2.9002153710915275 -13.915322753625963 ; -2.9141306938451534 -13.912422538254871 
-11.664115804277069 13.739175621026728 ; -11.650376628656042 13.750839736831006 
-12.693256236657552 12.809425401012701 ; -12.68044681125654 12.822118657249359 
6.692735485888892 -18.285216728049644 ; 6.674450269160842 -18.291909463535532 
-2.8161377945159467 17.519659026142133 ; -2.7986181354898045 17.522475163936647 
-18.27182637096912 8.457404052772905 ; -18.263368966916346 8.475675879143873 
0.028539648769955628 3.614745398622184 ; 0.032154394168577814 3.6147168589734138 
7.265639466469719 13.499502403235676 ; 7.279138968872955 13.492236763769206 
19.42563870889585 -12.20483019154842 ; 19.4134338787043 -12.224255830257315 
-12.354258535980915 -16.405311521889942 ; -12.370663847502804 -16.39295726335396 
-2.626377457383896 -18.895059629514826 ; -2.6452725170134106 -18.89243325205744 
4.220236755855115 11.126415075240446 ; 4.231363170930356 11.12219483848459 
9.991148764009454 16.346273859156245 ; 10.00749503786861 16.336282710392236 
10.588327398583589 4.123905682171989 ; 10.592451304265762 4.113317354773406 
-13.015860791131391 -13.169520727131832 ; -13.029030311858524 -13.1565048663407 
17.343026776158915 -8.187396366751592 ; 17.334839379792164 -8.20473939352775 
-14.712049047083108 -18.91255867536888 ; -14.730961605758477 -18.897846626321797 
-14.056412666498836 2.1406843412755077 ; -14.05427198215756 2.1547407539420065 
-10.75103835790543 10.803022730513943 ; -10.740235335174916 10.81377376887185 
16.746676494517985 0.11351109550133887 ; 16.746790005613487 0.09676441900682088 
-1.4484846288568152 3.34218364275445 ; -1.4451424452140607 3.343632127383307 
-1.9994620494464235 -15.196176250586028 ; -2.0146582256970094 -15.19417678853658 
7.9510471243982925 19.123522552438082 ; 7.970170646950731 19.115571505313685 
9.551849858548593 15.295468193384167 ; 9.567145326741977 15.285916343525619 
12.610459936802227 -3.3404892754693765 ; 12.607119447526758 -3.353099735406179 
3.9541987546506285 -1.3969661623811742 ; 3.952801788488247 -1.4009203611358247 
5.539090045940913 -1.4934552534449104 ; 5.5375965906874685 -1.4989943434908513 
18.398010329042332 -13.453174758722922 ; 18.38455715428361 -13.471572769051964 
-11.626668765977529 16.744622075752098 ; -11.609924143901777 16.756248744518075 
6.946984788354001 11.635454165662006 ; 6.958620242519663 11.628507180873653 
2.3115334074388127 8.657631632545991 ; 2.320191039071359 8.655320099138553 
-13.034627184564096 -1.8854251454935254 ; -13.03651260970959 -1.8723905183089613 
4.450694664260021 -8.378449122269922 ; 4.442316215137751 -8.382899816934183 
15.91423260708797 -14.131133071931533 ; 15.900101474016038 -14.14704730453862 
-11.95363050794136 17.266988750799833 ; -11.93636351919056 17.278942381307775 
10.873014033817352 6.3739035589461865 ; 10.879387937376299 6.36303054491237 
16.83903246158684 6.906322932593474 ; 16.845938784519433 6.889483900131887 
13.209828418132673 3.6826018601593082 ; 13.213511019992833 3.6693920317411757 
-8.942090032222932 -6.943633214850965 ; -8.949033665437783 -6.934691124818742 
3.361494712736026 -6.832630997730327 ; 3.354662081738296 -6.835992492443062 
-9.835781460957643 -17.33357549499225 ; -9.853115036452635 -17.323739713531292 
6.6621076317794286 -14.562307471480937 ; 6.647545324307948 -14.568969579112716 
-12.684004214081689 15.65415958522333 ; -12.668350054496466 15.666843589437411 
-2.2596206654395092 1.4242956696844917 ; -2.258196369769825 1.4265552903499312 
17.839643386675977 -5.359819716607566 ; 17.83428356695937 -5.377659359994242 
-18.90086031954045 3.942803880847271 ; -18.896917515659602 3.9617047411668116 
-5.620753160689866 14.460577412140747 ; -5.6062925832777255 14.466198165301437 
-12.61545777383094 -14.313440833375772 ; -12.629771214664316 -14.30082537560194 
7.278156868604552 5.9245946236979075 ; 7.28408146322825 5.917316466829303 
-19.13529384741865 12.228374767001299 ; -19.12306547265165 12.247510060848716 
1.7445449007417095 -18.833606222609806 ; 1.7257112945190998 -18.835350767510548 
8.971005366395199 13.014253890459242 ; 8.984019620285657 13.005282885092846 
3.1224456798469253 -5.565625964859325 ; 3.116880053882066 -5.568748410539172 
-4.047319263281079 -1.5672358153666313 ; -4.0488864990964455 -1.5631884961033502 
-16.7807143194286 -17.5395130265597 ; -16.79825383245516 -17.522732312240272 
-15.58121568997626 18.220192165775273 ; -15.562995497810483 18.23577338146525 
14.472323385816795 -9.155246786823286 ; 14.463168139029971 -9.169719110209103 
5.672420594567092 -0.8217023195995177 ; 5.671598892247493 -0.8273747401940847 
-15.63685172632527 19.41191239322936 ; -15.617439813932041 19.427549244955685 
12.569771394547246 1.809608817548361 ; 12.571581003364795 1.7970390461538137 
19.76991839407975 5.697885943621081 ; 19.77561628002337 5.678116025227001 
-5.381246269404245 18.012098795347807 ; -5.363234170608897 18.017480041617212 
-0.6626778408004261 17.980667141082645 ; -0.6446971736593435 17.981329818923445 
18.21427813453962 8.45225555396618 ; 18.222730390093584 8.43404127583164 
19.156453466818068 6.73522557675677 ; 19.163188692394826 6.716069123289952 
16.156055750810317 -1.5050499400554687 ; 16.154550700870264 -1.521205995806279 
7.711464724907616 2.623025385527608 ; 7.714087750293143 2.6153139208027008 
0.8498452458577189 -18.881301955524183 ; 0.8309639439021947 -18.88215180077004 
-1.4659264269444576 -16.266755010170684 ; -1.4821931819546283 -16.26528908374374 
10.06042018300017 10.345706785344435 ; 10.070765889785514 10.335646365161434 
-19.289989184943195 3.823729233964197 ; -19.28616545570923 3.8430192231491405 
-7.246554373236112 -14.791734632564776 ; -7.261346107868676 -14.78448807819154 
11.85508758242487 -11.871697528862747 ; 11.843215884896008 -11.883552616445172 
7.283770199480989 0.8441068512573304 ; 7.284614306332246 0.8368230810578494 
3.830944002812397 13.983227536058493 ; 3.8449272303484556 13.97939659205568 
-1.0318893658259911 -0.5139585415589755 ; -1.0324033243675501 -0.5129266521931495 
15.888724905446018 -19.144181125412693 ; 15.869580724320606 -19.160069850318138 
-14.239817290195766 4.72800997583653 ; -14.23508928021993 4.742249793126725 
-7.367325067580197 10.875624864549447 ; -7.356449442715647 10.882992189617028 
13.280931918444487 -6.483037368493791 ; 13.274448881075994 -6.496318300412236 
2.5994988847994227 11.570881206115006 ; 2.6110697660055378 11.568281707230206 
-16.543738304838463 -12.42047266997788 ; -16.55615877750844 -12.403928931673041 
17.840934227945677 -10.18047794471339 ; 17.830753750000962 -10.198318878941336 
-13.892044915464384 4.9893112058281 ; -13.887055604258556 5.003203250743565 
12.265619492688389 9.309467827294931 ; 12.274928960515684 9.297202207802243 
-9.623163943800936 -9.972348741742818 ; -9.633136292542678 -9.962725577799018 
2.156139520535998 3.236960640629726 ; 2.1593764811766274 3.23480450110919 
-3.0527662564832165 6.001839532883694 ; -3.046764416950333 6.004892299140177 
17.507467678704483 3.304814238162976 ; 17.510772492942646 3.2873067704842716 
-2.3271843216450923 2.9951215936111613 ; -2.324189200051481 2.9974487779328065 
8.278245416450421 5.314532390933373 ; 8.283559948841354 5.306254145516922 
-1.4644851569478714 6.329115487137479 ; -1.458156041460734 6.3305799722944265 
4.4135705021683025 -7.275338965333206 ; 4.406295163202969 -7.2797525358353745 
16.495605389291505 -12.19671129611943 ; 16.483408677995385 -12.213206901508721 
5.382064501316444 9.889679542354001 ; 5.391954180858798 9.884297477852684 
-6.784803713869322 15.13526591250369 ; -6.7696684479568185 15.14205071621756 
-16.55278756796324 17.297481075147875 ; -16.535490086888093 17.31403386271584 
11.697123725059473 12.192171732133305 ; 11.709315896791606 12.180474608408245 
-17.407047016693145 17.305947545137712 ; -17.38974106914801 17.323354592154406 
1.489139060229219 -10.213735553558811 ; 1.4789253246756602 -10.21522469261904 
17.748699354758223 -6.296151613063082 ; 17.74240320314516 -6.31390031241784 
-5.450787817429381 9.251720396133104 ; -5.441536097033248 9.257171183950533 
-14.188511134404033 17.714258698752747 ; -14.17079687570528 17.72844720988715 
18.107771095065946 -0.17204122808615518 ; 18.10759905383786 -0.19014899918122113 
-2.217324579603508 -2.1779531413921847 ; -2.2195025327449 -2.175735816812581 
-12.88004208190656 18.071253544444932 ; -12.861970828362114 18.08413358652684 
11.278693258341605 -16.72297511679593 ; 11.261970283224809 -16.73425381005427 
-6.918209694551275 1.5106990838954015 ; -6.91669899546738 1.5176172935899528 
2.1010726051680666 18.761739906259102 ; 2.1198343450743256 18.759638833653934 
-4.248692402080536 14.763301907515702 ; -4.233929100173021 14.767550599917783 
-11.109515859101966 8.982625675614036 ; -11.100533233426352 8.993735191473139 
13.439411257550983 -3.69676646179438 ; 13.435714491089188 -3.710205873051931 
0.054352954282131716 -11.98580808198935 ; 0.04236714620014236 -11.985862434943632 
-0.2650319811999242 0.4029969788188902 ; -0.2646289842211053 0.4032620108000901 
12.610069900205762 -18.4386611453504 ; 12.591631239060412 -18.451271215250607 
-14.948250350236533 7.217386406149475 ; -14.941032963830384 7.232334656499712 
-15.195683682412662 -3.903679784088916 ; -15.199587362196752 -3.888484100406503 
-9.405545928060072 -6.919909494751588 ; -9.412465837554823 -6.910503948823528 
-7.843448478534116 -0.4579670414118019 ; -7.843906445575528 -0.45012359293326776 
-12.32739794395953 19.33365631509329 ; -12.308064287644438 19.34598371303725 
-12.399527579616281 -9.616576801032153 ; -12.409144156417314 -9.604177273452537 
6.214229256947944 10.182738795840422 ; 6.224411995743785 10.176524566583474 
16.78229343569955 -16.520292426675077 ; 16.765773143272874 -16.537074720110777 
4.122328414577192 -3.1447614755452635 ; 4.119183653101646 -3.1488838039598406 
-13.279293709494995 18.31427115881226 ; -13.260979438336182 18.327550452521756 
7.0986148834479605 3.316305659208722 ; 7.1019311891071695 3.3092070443252743 
-17.275177978725814 -13.367157839727028 ; -17.288545136565542 -13.349882661748302 
-1.1217069153143415 -14.212400065204864 ; -1.1359193153795464 -14.21127835828955 
-13.863918586316947 -9.078279320017446 ; -13.872996865636964 -9.064415401431129 
-1.3622686513799516 19.530455665786572 ; -1.342738195714165 19.531817934437953 
-18.26143212963941 -16.493166040647466 ; -18.277925295680056 -16.47490460851783 
-8.063734765154514 7.041112799612514 ; -8.056693652354902 7.0491765343776684 
-19.31003286013472 1.5202265833096211 ; -19.30851263355141 1.539536616169756 
9.930321007311907 0.2033746373342783 ; 9.93052438194924 0.1934443163269664 
12.97014507260924 14.509942793068754 ; 12.984655015402309 14.496972647996145 
6.54213920194767 13.35775857395327 ; 6.555496960521623 13.351216434751322 
-5.327304204815677 -14.589670492790413 ; -5.341893875308467 -14.584343188585597 
1.1640086083719858 -1.0340661412817758 ; 1.162974542230704 -1.0352301498901477 
15.81142763936066 6.191563415604831 ; 15.817619202776266 6.17575198796547 
1.9041881600834196 -13.778093438767717 ; 1.890410066644652 -13.7799976269278 
-7.634984754561557 -18.813694017865693 ; -7.653798448579423 -18.806059033111133 
-11.29057415963757 -3.9966362469913506 ; -11.294570795884562 -3.985345672831713 
7.246508032273663 17.014762149305547 ; 7.263522794422969 17.007515641273272 
-18.424671592650206 -12.322543602849313 ; -18.436994136253055 -12.304118931256664 
-18.033841719076374 -8.105749428369174 ; -18.041947468504745 -8.087715586650098 
-17.142053445762862 -1.92184838957648 ; -17.143975294152437 -1.904706336130717 
-4.733853143794082 0.2106353022494194 ; -4.733642508491833 0.21536915539321347 
4.247204759334778 16.76881144456322 ; 4.263973570779341 16.764564239803885 
-9.012437696703849 -3.7012287389521865 ; -9.016138925442801 -3.6922163012554825 
6.963438073857071 18.941754392814 ; 6.982379828249885 18.934790954740144 
-2.7693096252647034 13.338462613386852 ; -2.7559711626513166 13.341231923012117 
-4.422797653134325 -14.398053194366966 ; -4.437195706328692 -14.393630396713831 
19.055196006367744 -17.156169865661205 ; 19.038039836502083 -17.17522506166757 
12.580616929478442 -7.325016353985527 ; 12.573291913124455 -7.337596970915006 
-0.9139269775264227 -17.219190025758476 ; -0.9311461675521812 -17.21827609878095 
17.167944865842724 17.01019924907871 ; 17.184955065091803 16.993031304212867 
3.9422262968855524 6.7402408578784945 ; 3.9489665377434306 6.736298631581609 
14.553766032326033 -5.481098453298711 ; 14.548284933872734 -5.495652219331037 
-14.458286428173295 -1.3087089425072795 ; -14.459595137115803 -1.2942506560791063 
-6.939842816976111 2.21233325499716 ; -6.937630483721114 2.219273097814136 
19.77533789051932 1.8821187577462628 ; 19.777220009277066 1.8623434198557436 
2.7040675517696346 -15.289081826082205 ; 2.6887784699435526 -15.291785893633975 
-0.6842346515759322 -18.35834490001997 ; -0.7025929964759522 -18.357660665368392 
16.790414876684125 -11.332061181907434 ; 16.779082815502218 -11.348851596784119 
-0.7968366441409678 -5.695204057331897 ; -0.8025318481982997 -5.694407220687756 
13.739978624810577 15.39992799401612 ; 13.755378552804594 15.386188015391308 
15.162477425780212 3.5058079844762458 ; 15.165983233764688 3.4906455070504654 
1.7952774471058337 9.482658839394189 ; 1.8047601059452278 9.480863561947082 
8.509580758925189 6.453422589983786 ; 8.516034181515172 6.4449130092248605 
-0.7085684428394133 6.0548324064079715 ; -0.7025136104330054 6.055540974850811 
12.988556170706628 7.551714689953455 ; 12.996107885396581 7.538726133782748 
15.522154043104758 1.0242658996523435 ; 15.52317830900441 1.0087437456092387 
9.003068716169405 -1.6739119237856621 ; 9.001394804245619 -1.6829149925018316 
3.379849922428691 10.950013827340236 ; 3.3907999362560313 10.946633977417807 
9.863946027937207 -15.67712682546056 ; 9.848268901111746 -15.686990771488498 
-1.6419676313212386 -12.488464134521926 ; -1.6544560954557606 -12.486822166890605 
-1.7725057442094951 -7.822367737043725 ; -1.7803281119465388 -7.8205952312995155 
-4.994987071711383 -10.138988873320294 ; -5.005126060584703 -10.133993886248582 
-12.701093055407787 5.018345247057782 ; -12.69607471016073 5.03104634011319 
4.323564525207789 -14.997309785144386 ; 4.308567215422645 -15.001633349669595 
2.7232251735859085 -3.574003442338924 ; 2.7196511701435697 -3.57672666751251 
-7.672340690880753 -6.588304009443212 ; -7.678928994890196 -6.580631668752331 
1.1228145244411536 7.229373547998126 ; 1.1300438979891516 7.2282507334736845 
-11.89772797803248 7.435618959288811 ; -11.890292359073191 7.447516687266844 
1.545124213031135 6.403867915833304 ; 1.5515280809469683 6.402322791620273 
10.414268734321153 -19.237117975635485 ; 10.395031616345518 -19.247532244369808 
-11.516477514649585 -8.286051314959316 ; -11.524763565964545 -8.274534837444666 
-19.16014153770485 5.721760033164972 ; -19.154419777671684 5.740920174702676 
15.550329635311147 2.101041348926625 ; 15.552430676660073 2.0854910192913136 
14.832300653942093 5.4541864424792665 ; 14.837754840384573 5.439354141825325 
10.182580919979486 -17.533544685399082 ; 10.165047375294087 -17.543727266319063 
-13.42320028307335 -7.5670689455783595 ; -13.430767352018927 -7.553645745295286 
12.17413783594516 5.293213868328265 ; 12.179431049813488 5.28103973049232 
-0.6044628024772747 7.142260489005928 ; -0.5973205419882688 7.142864951808405 
14.85511285916192 -3.7447178045535257 ; 14.851368141357367 -3.7595729174126875 
15.491929848137172 13.890697150235328 ; 15.505820545287408 13.87520522038719 
-11.935412493429927 12.053732483049261 ; -11.923358760946877 12.065667895542692 
-9.978649013905867 -0.9394312495977851 ; -9.979588445155466 -0.9294526005838792 
10.486321913585032 -11.000451241161114 ; 10.47532146234387 -11.0109375630747 
-0.41144270412057193 -4.850904218697833 ; -0.41629360833926976 -4.850492775993713 
14.080901029327483 12.216028139991812 ; 14.093117057467476 12.201947238962484 
-0.43914903774440484 4.5126379625895 ; -0.43463639978181534 4.513077111627244 
7.068193136037518 -1.245722983390353 ; 7.066947413054128 -1.2527911765263904 
-16.698761726344166 15.362182163273474 ; -16.683399544180894 15.378880924999818 
15.79421265167131 7.447242656256899 ; 15.801659894327567 7.431448443605228 
-10.99438490293377 5.728313400981661 ; -10.98865658953279 5.739307785884595 
-10.232585087595353 2.116075822141284 ; -10.230469011773213 2.1263084072288794 
16.87984925302935 -13.023821694379807 ; 16.86682543133497 -13.040701543632837 
-13.130420147866227 3.7715978408683553 ; -13.126648550025358 3.7847282610162214 
-10.820355533156857 -17.634713901028075 ; -10.837990247057885 -17.62389354549492 
-15.928980433254024 -14.969273909722626 ; -15.943949707163746 -14.953344929289372 
3.106556314996658 17.809391111644818 ; 3.124365706108303 17.80628455532982 
13.507681221642155 -10.791854127785594 ; 13.49688936751437 -10.805361809007236 
2.916998372818283 13.76810500492776 ; 2.9307664778232105 13.765188006554942 
-8.763742288996163 -18.42154447273999 ; -8.782163833468903 -18.412780730450994 
-19.515307283423 -19.709878747258273 ; -19.535017162170256 -19.69036343997485 
10.227022318393146 -13.115250036204444 ; 10.213907068356942 -13.125477058522836 
10.269456111315645 -9.352335808652198 ; 10.260103775506993 -9.362605264763513 
17.904798361509496 9.122906533329795 ; 17.913921268042824 9.105001734968285 
-18.955191289473447 -19.80587649407126 ; -18.97499716596752 -19.786921302781785 
0.07337922835646637 11.701275252452575 ; 0.08508050360891894 11.70120187322422 
-9.404879714338698 6.573829500335812 ; -9.398305884838361 6.5832343800501505 
6.277999022125837 -19.92643553872004 ; 6.258072586587117 -19.932713537742163 
11.950037919517424 -9.836346704816444 ; 11.940201572812608 -9.848296742735961 
-6.564187847723676 4.44868065702061 ; -6.559739167066655 4.455244844868334 
-15.880958201977574 -8.51647334694506 ; -15.88947467532452 -8.500592388743083 
-0.43011537060643834 -8.528375214572119 ; -0.43864374582101046 -8.527945099201512 
1.8278496684846033 -3.7489932622233115 ; 1.82410067522238 -3.750821111891796 
1.4416726721248343 19.834051045607637 ; 1.461506723170442 19.83260937293551 
10.742918500814453 16.018836298462446 ; 10.758937337112915 16.008093379961633 
11.722956332645888 -15.709094753935766 ; 11.707247237891952 -15.720817710268411 
9.14298330210135 -5.893013471988465 ; 9.137090288629361 -5.902156455290567 
-8.643712580441965 9.376623275651164 ; -8.634335957166314 9.385266988231606 
15.956946931471236 -15.8754861649971 ; 15.941071445306239 -15.891443111928572 
8.40313307731724 -12.673398087117494 ; 8.390459679230121 -12.681801220194812 
16.3437625167688 -17.780523731764774 ; 16.325981993037033 -17.796867494281543 
10.771700528391007 -4.288899429358859 ; 10.767411628961648 -4.29967112988725 
17.15482891194443 -3.4001260421396653 ; 17.15142878590229 -3.41728087105161 
-6.30277659825944 9.84197708860324 ; -6.292934621170836 9.8482798652015 
13.535082292472087 -19.461505473366806 ; 13.51562078699872 -19.475040555659277 
12.158906946276971 15.459486481513904 ; 12.174366432758486 15.447327574567627 
-2.6062828882115814 3.5443995015805436 ; -2.602738488710001 3.5470057844687553 
-10.46136099161055 -19.516027205008264 ; -10.480877018815557 -19.505565844016655 
-17.18029459816297 18.54117992481281 ; -17.161753418238156 18.55836021941097 
3.0956983878437634 1.9949110065129632 ; 3.0976932988502766 1.9918153081251193 
15.663394440082152 16.90769935646067 ; 15.680302139438613 16.89203596202059 
9.278913415499197 3.0939597742919918 ; 9.282007375273489 3.0846808608764924 
5.467425978753097 10.86764940107469 ; 5.478293628154171 10.862181975095936 
1.061011592413604 -5.830060010533918 ; 1.0551815324030702 -5.831121022126331 
2.1243109898731514 0.3037083520019467 ; 2.1246146982251535 0.30158404101207353 
-11.127815942334589 11.818425849861717 ; -11.115997516484727 11.82955366580405 
-7.416783980959612 4.824929254980767 ; -7.411959051704631 4.8323460389617265 
-14.912258974006866 -4.1359025249433055 ; -14.91639487653181 -4.120990265969299 
-2.37895816736956 8.792878148500183 ; -2.3701652892210596 8.795257106667552 
-16.278966174190465 14.859479931482698 ; -16.26410669425898 14.875758897656889 
17.998881718576136 13.787902182889859 ; 18.012669620759027 13.769903301171283 
-10.96632206532009 13.485514664362338 ; -10.952836550655729 13.496480986427658 
-4.655955518642315 -15.47635662371483 ; -4.67143187526603 -15.471700668196188 
3.1252839543521573 -18.09753389083217 ; 3.1071864204613253 -18.10065917478652 
-16.476682687272024 -16.567855901243373 ; -16.493250543173268 -16.5513792185561 
-7.423838935219518 19.554375334783415 ; -7.404284559884735 19.561799173718637 
4.073668190872181 8.445913563129912 ; 4.082114104435311 8.44183989493904 
13.906872661980266 -9.121896601708718 ; 13.897750765378557 -9.135803474370698 
12.430120082481409 -11.82640256610914 ; 12.4182936799153 -11.83883268619162 
3.3475363905613285 2.083219929498626 ; 3.349619610490827 2.0798723931080647 
-14.094401498247818 -6.138310139091117 ; -14.100539808386909 -6.124215737592869 
-0.5368382634971126 -13.662138411073007 ; -0.5505004019081856 -13.661601572809511 
-2.0083121872230643 -15.345627098662543 ; -2.023657814321727 -15.34361878647532 
12.496253882011695 4.299054255319439 ; 12.500552936267015 4.286558001437427 
-13.355741456572547 -10.47299623233167 ; -13.36621445280488 -10.459640490875097 
10.949422327933625 -1.1308318234343382 ; 10.94829149611019 -1.1417812457622718 
-11.883079507946078 -0.607135261235035 ; -11.883686643207314 -0.5952521817270889 
-5.368036019425716 -2.419727210357547 ; -5.370455746636074 -2.414359174338121 
13.97994698798128 8.796975593005621 ; 13.988743963574287 8.78299564601764 
0.19179901444087155 -14.833694183747717 ; 0.17696532025712383 -14.833885982762158 
-13.46544338394811 -19.963982640341374 ; -13.48540736658845 -19.950517196957428 
-2.082900669064504 14.846088581709164 ; -2.0680545804827952 14.848171482378229 
0.20688782803828354 -9.74405435819698 ; 0.19714377368008656 -9.744261246025019 
-16.845706749866977 -3.662674723439392 ; -16.849369424590417 -3.645829016689525 
18.66718513863356 -11.044236795446908 ; 18.656140901838114 -11.062903980585542 
9.853959589409863 -9.207998880454396 ; 9.844751590529409 -9.217852840043806 
-19.114093954825453 8.574994290892642 ; -19.10551896053456 8.594108384847468 
-12.978576285467373 -0.5577961807592696 ; -12.979134081648132 -0.5448176044738022 
3.0928797893223243 -4.133678475960747 ; 3.0887461108463636 -4.136771355750069 
-17.3025653284559 -10.836379625104941 ; -17.313401708081003 -10.819077059776486 
16.96165430908663 13.578905669653192 ; 16.975233214756283 13.561944015344105 
-3.108734666329888 15.12466986450928 ; -3.0936099964653785 15.12777859917561 
6.360200795279351 -11.808501383139037 ; 6.348392293896212 -11.814861583934317 
-19.659922016633978 14.839108796538778 ; -19.645082907837438 14.858768718555412 
14.268596734291766 4.165690036972757 ; 14.272762424328738 4.151421440238465 
-4.917083105745056 -12.018373639338252 ; -4.929101479384395 -12.013456556232507 
0.4360193712173256 -7.566300620857804 ; 0.4284530705964678 -7.5667366402290215 
1.1012233194548922 15.539278310185464 ; 1.1167625977650777 15.538177086866009 
-12.566098502095231 16.211705416887224 ; -12.549886796678344 16.22427151538932 
12.949134613352191 -1.4661774933939018 ; 12.947668435858798 -1.479126628007254 
-8.813416590426199 10.233493826048736 ; -8.80318309660015 10.242307242639162 
14.59986122450663 -11.190091046141598 ; 14.588671133460489 -11.204690907366105 
-4.70878591473925 19.768429814938077 ; -4.689017484924312 19.773138600852818 
16.45679630573241 19.662141364911232 ; 16.476458447097322 19.6456845686055 
-14.218632636082077 5.045286151155237 ; -14.213587349930922 5.0595047837913185 
-4.394100050704398 -0.47370624103280545 ; -4.394573756945431 -0.46931214098210106 
-10.337260150639208 -3.0243001160125282 ; -10.34028445075522 -3.013962855861889 
-4.967705763712944 10.82636223093824 ; -4.956879401482006 10.831329936701954 
